size,D,interval,repetition,algorithm,start,stop,step,pp_time,arcs,nnodes,dual,primal,gap,status,time
100,100,0.3,1,exact,0,0,0,0,9801,0,87,87,0,Optimal,91
100,100,0.3,1,faolp,0,0,0,12,143,0,0,87,0,heuristic,15
100,100,0.3,1,faosp,0,0,0,13,101,0,0,101,0,heuristic,16
100,100,0.3,1,vnd,0,0,0,0,9801,0,0,87,0,heuristic,421
100,100,0.3,2,exact,0,0,0,0,9801,0,81,81,0,Optimal,105
100,100,0.3,2,faolp,0,0,0,21,142,0,0,81,0,heuristic,24
100,100,0.3,2,faosp,0,0,0,13,99,0,0,98,0,heuristic,15
100,100,0.3,2,vnd,0,0,0,0,9801,0,0,104,0,heuristic,110
100,100,0.3,3,exact,0,0,0,0,9801,0,106,106,0,Optimal,97
100,100,0.3,3,faolp,0,0,0,15,145,0,0,106,0,heuristic,17
100,100,0.3,3,faosp,0,0,0,15,100,0,0,116,0,heuristic,17
100,100,0.3,3,vnd,0,0,0,0,9801,0,0,124,0,heuristic,111
100,100,0.3,4,exact,0,0,0,0,9801,0,67,67,0,Optimal,93
100,100,0.3,4,faolp,0,0,0,9,137,0,0,67,0,heuristic,12
100,100,0.3,4,faosp,0,0,0,14,100,0,0,73,0,heuristic,16
100,100,0.3,4,vnd,0,0,0,0,9801,0,0,77,0,heuristic,110
100,100,0.3,5,exact,0,0,0,0,9801,0,133,133,0,Optimal,131
100,100,0.3,5,faolp,0,0,0,15,147,0,0,133,0,heuristic,17
100,100,0.3,5,faosp,0,0,0,13,103,0,0,168,0,heuristic,16
100,100,0.3,5,vnd,0,0,0,0,9801,0,0,195,0,heuristic,110
100,100,0.6,1,exact,0,0,0,0,9801,0,97,97,0,Optimal,96
100,100,0.6,1,faolp,0,0,0,18,144,0,0,97,0,heuristic,20
100,100,0.6,1,faosp,0,0,0,14,102,0,0,121,0,heuristic,16
100,100,0.6,1,vnd,0,0,0,0,9801,0,0,127,0,heuristic,356
100,100,0.6,2,exact,0,0,0,0,9801,0,59,59,0,Optimal,100
100,100,0.6,2,faolp,0,0,0,10,134,0,0,59,0,heuristic,13
100,100,0.6,2,faosp,0,0,0,13,101,0,0,67,0,heuristic,15
100,100,0.6,2,vnd,0,0,0,0,9801,0,0,70,0,heuristic,111
100,100,0.6,3,exact,0,0,0,0,9801,0,53,53,0,Optimal,94
100,100,0.6,3,faolp,0,0,0,11,130,0,0,53,0,heuristic,13
100,100,0.6,3,faosp,0,0,0,13,99,0,0,56,0,heuristic,15
100,100,0.6,3,vnd,0,0,0,0,9801,0,0,58,0,heuristic,111
100,100,0.6,4,exact,0,0,0,0,9801,0,134,134,0,Optimal,104
100,100,0.6,4,faolp,0,0,0,17,159,0,0,134,0,heuristic,20
100,100,0.6,4,faosp,0,0,0,14,103,0,0,157,0,heuristic,16
100,100,0.6,4,vnd,0,0,0,0,9801,0,0,161,0,heuristic,111
100,100,0.6,5,exact,0,0,0,0,9801,0,86,86,0,Optimal,103
100,100,0.6,5,faolp,0,0,0,19,143,0,0,86,0,heuristic,21
100,100,0.6,5,faosp,0,0,0,13,100,0,0,96,0,heuristic,15
100,100,0.6,5,vnd,0,0,0,0,9801,0,0,107,0,heuristic,110
100,100,0.9,1,exact,0,0,0,0,9801,0,92,92,0,Optimal,123
100,100,0.9,1,faolp,0,0,0,11,158,0,0,93,0,heuristic,13
100,100,0.9,1,faosp,0,0,0,13,103,0,0,104,0,heuristic,15
100,100,0.9,1,vnd,0,0,0,0,9801,0,0,107,0,heuristic,111
100,100,0.9,2,exact,0,0,0,0,9801,0,66,66,0,Optimal,82
100,100,0.9,2,faolp,0,0,0,12,149,0,0,66,0,heuristic,15
100,100,0.9,2,faosp,0,0,0,13,101,0,0,87,0,heuristic,16
100,100,0.9,2,vnd,0,0,0,0,9801,0,0,66,0,heuristic,372
100,100,0.9,3,exact,0,0,0,0,9801,0,65,65,0,Optimal,97
100,100,0.9,3,faolp,0,0,0,17,143,0,0,65,0,heuristic,20
100,100,0.9,3,faosp,0,0,0,13,101,0,0,80,0,heuristic,15
100,100,0.9,3,vnd,0,0,0,0,9801,0,0,84,0,heuristic,355
100,100,0.9,4,exact,0,0,0,0,9801,0,71,71,0,Optimal,87
100,100,0.9,4,faolp,0,0,0,10,140,0,0,71,0,heuristic,12
100,100,0.9,4,faosp,0,0,0,13,100,0,0,77,0,heuristic,15
100,100,0.9,4,vnd,0,0,0,0,9801,0,0,71,0,heuristic,390
100,100,0.9,5,exact,0,0,0,0,9801,0,76,76,0,Optimal,91
100,100,0.9,5,faolp,0,0,0,12,142,0,0,76,0,heuristic,15
100,100,0.9,5,faosp,0,0,0,13,100,0,0,80,0,heuristic,16
100,100,0.9,5,vnd,0,0,0,0,9801,0,0,76,0,heuristic,482
100,25,0.3,1,exact,0,0,0,0,2458,0,231,231,0,Optimal,24
100,25,0.3,1,faolp,0,0,0,3,132,0,0,231,0,heuristic,4
100,25,0.3,1,faosp,0,0,0,6,100,0,0,279,0,heuristic,6
100,25,0.3,1,vnd,0,0,0,0,2458,0,0,231,0,heuristic,106
100,25,0.3,2,exact,0,0,0,0,2434,0,219,219,0,Optimal,21
100,25,0.3,2,faolp,0,0,0,4,137,0,0,219,0,heuristic,5
100,25,0.3,2,faosp,0,0,0,5,99,0,0,283,0,heuristic,6
100,25,0.3,2,vnd,0,0,0,0,2434,0,0,219,0,heuristic,110
100,25,0.3,3,exact,0,0,0,0,2529,0,177,177,0,Optimal,26
100,25,0.3,3,faolp,0,0,0,2,132,0,0,177,0,heuristic,3
100,25,0.3,3,faosp,0,0,0,6,102,0,0,239,0,heuristic,7
100,25,0.3,3,vnd,0,0,0,0,2529,0,0,177,0,heuristic,103
100,25,0.3,4,exact,0,0,0,0,2425,0,151,151,0,Optimal,23
100,25,0.3,4,faolp,0,0,0,2,134,0,0,151,0,heuristic,3
100,25,0.3,4,faosp,0,0,0,5,100,0,0,262,0,heuristic,6
100,25,0.3,4,vnd,0,0,0,0,2425,0,0,151,0,heuristic,118
100,25,0.3,5,exact,0,0,0,0,2463,0,340,340,0,Optimal,30
100,25,0.3,5,faolp,0,0,0,3,151,0,0,340,0,heuristic,4
100,25,0.3,5,faosp,0,0,0,6,102,0,0,444,0,heuristic,7
100,25,0.3,5,vnd,0,0,0,0,2463,0,0,448,0,heuristic,34
100,25,0.6,1,exact,0,0,0,0,2383,0,194,194,0,Optimal,25
100,25,0.6,1,faolp,0,0,0,3,140,0,0,202,0,heuristic,4
100,25,0.6,1,faosp,0,0,0,5,101,0,0,244,0,heuristic,6
100,25,0.6,1,vnd,0,0,0,0,2383,0,0,194,0,heuristic,104
100,25,0.6,2,exact,0,0,0,0,2377,0,233,233,0,Optimal,24
100,25,0.6,2,faolp,0,0,0,4,138,0,0,235,0,heuristic,5
100,25,0.6,2,faosp,0,0,0,5,101,0,0,268,0,heuristic,6
100,25,0.6,2,vnd,0,0,0,0,2377,0,0,233,0,heuristic,118
100,25,0.6,3,exact,0,0,0,0,2490,0,186,186,0,Optimal,26
100,25,0.6,3,faolp,0,0,0,6,139,0,0,187,0,heuristic,6
100,25,0.6,3,faosp,0,0,0,6,100,0,0,209,0,heuristic,6
100,25,0.6,3,vnd,0,0,0,0,2490,0,0,186,0,heuristic,116
100,25,0.6,4,exact,0,0,0,0,2486,0,135,135,0,Optimal,22
100,25,0.6,4,faolp,0,0,0,5,136,0,0,135,0,heuristic,6
100,25,0.6,4,faosp,0,0,0,5,102,0,0,176,0,heuristic,6
100,25,0.6,4,vnd,0,0,0,0,2486,0,0,135,0,heuristic,112
100,25,0.6,5,exact,0,0,0,0,2388,0,293,293,0,Optimal,30
100,25,0.6,5,faolp,0,0,0,4,145,0,0,293,0,heuristic,5
100,25,0.6,5,faosp,0,0,0,5,104,0,0,304,0,heuristic,6
100,25,0.6,5,vnd,0,0,0,0,2388,0,0,293,0,heuristic,151
100,25,0.9,1,exact,0,0,0,0,2447,0,125,125,0,Optimal,27
100,25,0.9,1,faolp,0,0,0,3,132,0,0,126,0,heuristic,3
100,25,0.9,1,faosp,0,0,0,5,101,0,0,161,0,heuristic,6
100,25,0.9,1,vnd,0,0,0,0,2447,0,0,125,0,heuristic,109
100,25,0.9,2,exact,0,0,0,0,2388,0,209,209,0,Optimal,30
100,25,0.9,2,faolp,0,0,0,6,140,0,0,209,0,heuristic,6
100,25,0.9,2,faosp,0,0,0,5,101,0,0,283,0,heuristic,6
100,25,0.9,2,vnd,0,0,0,0,2388,0,0,209,0,heuristic,163
100,25,0.9,3,exact,0,0,0,0,2437,0,137,137,0,Optimal,24
100,25,0.9,3,faolp,0,0,0,3,141,0,0,137,0,heuristic,4
100,25,0.9,3,faosp,0,0,0,5,100,0,0,149,0,heuristic,6
100,25,0.9,3,vnd,0,0,0,0,2437,0,0,137,0,heuristic,109
100,25,0.9,4,exact,0,0,0,0,2455,0,106,106,0,Optimal,20
100,25,0.9,4,faolp,0,0,0,3,127,0,0,106,0,heuristic,4
100,25,0.9,4,faosp,0,0,0,5,99,0,0,146,0,heuristic,6
100,25,0.9,4,vnd,0,0,0,0,2455,0,0,106,0,heuristic,91
100,25,0.9,5,exact,0,0,0,0,2397,0,106,106,0,Optimal,24
100,25,0.9,5,faolp,0,0,0,5,143,0,0,106,0,heuristic,5
100,25,0.9,5,faosp,0,0,0,5,100,0,0,110,0,heuristic,5
100,25,0.9,5,vnd,0,0,0,0,2397,0,0,106,0,heuristic,109
100,50,0.3,1,exact,0,0,0,0,4881,0,96,96,0,Optimal,43
100,50,0.3,1,faolp,0,0,0,4,136,0,0,96,0,heuristic,6
100,50,0.3,1,faosp,0,0,0,8,99,0,0,98,0,heuristic,10
100,50,0.3,1,vnd,0,0,0,0,4881,0,0,96,0,heuristic,203
100,50,0.3,2,exact,0,0,0,0,4909,0,123,123,0,Optimal,58
100,50,0.3,2,faolp,0,0,0,9,139,0,0,123,0,heuristic,11
100,50,0.3,2,faosp,0,0,0,8,102,0,0,169,0,heuristic,9
100,50,0.3,2,vnd,0,0,0,0,4909,0,0,123,0,heuristic,208
100,50,0.3,3,exact,0,0,0,0,4910,0,159,159,0,Optimal,52
100,50,0.3,3,faolp,0,0,0,12,141,0,0,161,0,heuristic,13
100,50,0.3,3,faosp,0,0,0,7,101,0,0,172,0,heuristic,9
100,50,0.3,3,vnd,0,0,0,0,4910,0,0,159,0,heuristic,238
100,50,0.3,4,exact,0,0,0,0,4958,0,135,135,0,Optimal,47
100,50,0.3,4,faolp,0,0,0,8,152,0,0,135,0,heuristic,9
100,50,0.3,4,faosp,0,0,0,9,105,0,0,228,0,heuristic,10
100,50,0.3,4,vnd,0,0,0,0,4958,0,0,135,0,heuristic,194
100,50,0.3,5,exact,0,0,0,0,4919,0,118,118,0,Optimal,48
100,50,0.3,5,faolp,0,0,0,11,144,0,0,118,0,heuristic,13
100,50,0.3,5,faosp,0,0,0,8,101,0,0,140,0,heuristic,10
100,50,0.3,5,vnd,0,0,0,0,4919,0,0,118,0,heuristic,185
100,50,0.6,1,exact,0,0,0,0,4986,22,212,212,0,Optimal,67
100,50,0.6,1,faolp,0,0,0,6,153,0,0,212,0,heuristic,8
100,50,0.6,1,faosp,0,0,0,9,100,0,0,246,0,heuristic,11
100,50,0.6,1,vnd,0,0,0,0,4986,0,0,212,0,heuristic,340
100,50,0.6,2,exact,0,0,0,0,4808,0,104,104,0,Optimal,37
100,50,0.6,2,faolp,0,0,0,5,134,0,0,104,0,heuristic,6
100,50,0.6,2,faosp,0,0,0,9,101,0,0,134,0,heuristic,10
100,50,0.6,2,vnd,0,0,0,0,4808,0,0,104,0,heuristic,182
100,50,0.6,3,exact,0,0,0,0,4909,0,94,94,0,Optimal,47
100,50,0.6,3,faolp,0,0,0,8,133,0,0,94,0,heuristic,9
100,50,0.6,3,faosp,0,0,0,8,100,0,0,133,0,heuristic,9
100,50,0.6,3,vnd,0,0,0,0,4909,0,0,94,0,heuristic,213
100,50,0.6,4,exact,0,0,0,0,4958,0,97,97,0,Optimal,42
100,50,0.6,4,faolp,0,0,0,6,135,0,0,97,0,heuristic,8
100,50,0.6,4,faosp,0,0,0,8,101,0,0,156,0,heuristic,9
100,50,0.6,4,vnd,0,0,0,0,4958,0,0,97,0,heuristic,199
100,50,0.6,5,exact,0,0,0,0,4871,0,127,127,0,Optimal,42
100,50,0.6,5,faolp,0,0,0,7,143,0,0,127,0,heuristic,9
100,50,0.6,5,faosp,0,0,0,10,101,0,0,152,0,heuristic,11
100,50,0.6,5,vnd,0,0,0,0,4871,0,0,127,0,heuristic,187
100,50,0.9,1,exact,0,0,0,0,4832,0,69,69,0,Optimal,42
100,50,0.9,1,faolp,0,0,0,6,137,0,0,69,0,heuristic,7
100,50,0.9,1,faosp,0,0,0,8,100,0,0,116,0,heuristic,9
100,50,0.9,1,vnd,0,0,0,0,4832,0,0,69,0,heuristic,196
100,50,0.9,2,exact,0,0,0,0,4958,0,95,95,0,Optimal,30
100,50,0.9,2,faolp,0,0,0,6,134,0,0,95,0,heuristic,7
100,50,0.9,2,faosp,0,0,0,7,99,0,0,120,0,heuristic,9
100,50,0.9,2,vnd,0,0,0,0,4958,0,0,95,0,heuristic,215
100,50,0.9,3,exact,0,0,0,0,4863,0,90,90,0,Optimal,49
100,50,0.9,3,faolp,0,0,0,8,135,0,0,90,0,heuristic,9
100,50,0.9,3,faosp,0,0,0,8,99,0,0,107,0,heuristic,10
100,50,0.9,3,vnd,0,0,0,0,4863,0,0,109,0,heuristic,68
100,50,0.9,4,exact,0,0,0,0,4873,0,85,85,0,Optimal,45
100,50,0.9,4,faolp,0,0,0,6,144,0,0,85,0,heuristic,7
100,50,0.9,4,faosp,0,0,0,8,103,0,0,105,0,heuristic,9
100,50,0.9,4,vnd,0,0,0,0,4873,0,0,85,0,heuristic,195
100,50,0.9,5,exact,0,0,0,0,4979,0,67,67,0,Optimal,41
100,50,0.9,5,faolp,0,0,0,6,130,0,0,67,0,heuristic,7
100,50,0.9,5,faosp,0,0,0,8,100,0,0,80,0,heuristic,10
100,50,0.9,5,vnd,0,0,0,0,4979,0,0,67,0,heuristic,173
100,75,0.3,1,exact,0,0,0,0,7368,0,72,72,0,Optimal,44
100,75,0.3,1,faolp,0,0,0,9,136,0,0,72,0,heuristic,11
100,75,0.3,1,faosp,0,0,0,10,101,0,0,87,0,heuristic,12
100,75,0.3,1,vnd,0,0,0,0,7368,0,0,72,0,heuristic,286
100,75,0.3,2,exact,0,0,0,0,7345,0,74,74,0,Optimal,44
100,75,0.3,2,faolp,0,0,0,7,136,0,0,74,0,heuristic,9
100,75,0.3,2,faosp,0,0,0,10,100,0,0,84,0,heuristic,12
100,75,0.3,2,vnd,0,0,0,0,7345,0,0,74,0,heuristic,274
100,75,0.3,3,exact,0,0,0,0,7319,0,87,87,0,Optimal,44
100,75,0.3,3,faolp,0,0,0,7,144,0,0,87,0,heuristic,9
100,75,0.3,3,faosp,0,0,0,11,103,0,0,139,0,heuristic,13
100,75,0.3,3,vnd,0,0,0,0,7319,0,0,87,0,heuristic,287
100,75,0.3,4,exact,0,0,0,0,7386,0,89,89,0,Optimal,48
100,75,0.3,4,faolp,0,0,0,9,141,0,0,89,0,heuristic,11
100,75,0.3,4,faosp,0,0,0,11,102,0,0,103,0,heuristic,13
100,75,0.3,4,vnd,0,0,0,0,7386,0,0,89,0,heuristic,295
100,75,0.3,5,exact,0,0,0,0,7409,0,89,89,0,Optimal,48
100,75,0.3,5,faolp,0,0,0,9,135,0,0,89,0,heuristic,11
100,75,0.3,5,faosp,0,0,0,11,99,0,0,125,0,heuristic,13
100,75,0.3,5,vnd,0,0,0,0,7409,0,0,89,0,heuristic,294
100,75,0.6,1,exact,0,0,0,0,7356,0,75,75,0,Optimal,47
100,75,0.6,1,faolp,0,0,0,9,134,0,0,75,0,heuristic,11
100,75,0.6,1,faosp,0,0,0,11,101,0,0,83,0,heuristic,13
100,75,0.6,1,vnd,0,0,0,0,7356,0,0,75,0,heuristic,347
100,75,0.6,2,exact,0,0,0,0,7345,0,131,131,0,Optimal,51
100,75,0.6,2,faolp,0,0,0,6,146,0,0,131,0,heuristic,8
100,75,0.6,2,faosp,0,0,0,11,101,0,0,190,0,heuristic,13
100,75,0.6,2,vnd,0,0,0,0,7345,0,0,131,0,heuristic,298
100,75,0.6,3,exact,0,0,0,0,7336,0,86,86,0,Optimal,74
100,75,0.6,3,faolp,0,0,0,11,138,0,0,86,0,heuristic,13
100,75,0.6,3,faosp,0,0,0,11,100,0,0,108,0,heuristic,13
100,75,0.6,3,vnd,0,0,0,0,7336,0,0,107,0,heuristic,100
100,75,0.6,4,exact,0,0,0,0,7386,0,103,103,0,Optimal,45
100,75,0.6,4,faolp,0,0,0,8,153,0,0,103,0,heuristic,10
100,75,0.6,4,faosp,0,0,0,10,99,0,0,127,0,heuristic,12
100,75,0.6,4,vnd,0,0,0,0,7386,0,0,103,0,heuristic,292
100,75,0.6,5,exact,0,0,0,0,7409,0,81,81,0,Optimal,43
100,75,0.6,5,faolp,0,0,0,7,136,0,0,81,0,heuristic,9
100,75,0.6,5,faosp,0,0,0,10,100,0,0,104,0,heuristic,12
100,75,0.6,5,vnd,0,0,0,0,7409,0,0,81,0,heuristic,275
100,75,0.9,1,exact,0,0,0,0,7356,0,86,86,0,Optimal,56
100,75,0.9,1,faolp,0,0,0,21,148,0,0,86,0,heuristic,23
100,75,0.9,1,faosp,0,0,0,12,99,0,0,94,0,heuristic,13
100,75,0.9,1,vnd,0,0,0,0,7356,0,0,86,0,heuristic,319
100,75,0.9,2,exact,0,0,0,0,7403,0,99,99,0,Optimal,51
100,75,0.9,2,faolp,0,0,0,12,149,0,0,99,0,heuristic,15
100,75,0.9,2,faosp,0,0,0,12,101,0,0,109,0,heuristic,14
100,75,0.9,2,vnd,0,0,0,0,7403,0,0,99,0,heuristic,313
100,75,0.9,3,exact,0,0,0,0,7336,0,75,75,0,Optimal,68
100,75,0.9,3,faolp,0,0,0,13,145,0,0,75,0,heuristic,15
100,75,0.9,3,faosp,0,0,0,11,101,0,0,84,0,heuristic,13
100,75,0.9,3,vnd,0,0,0,0,7336,0,0,92,0,heuristic,99
100,75,0.9,4,exact,0,0,0,0,7413,0,87,87,0,Optimal,38
100,75,0.9,4,faolp,0,0,0,10,143,0,0,87,0,heuristic,12
100,75,0.9,4,faosp,0,0,0,10,99,0,0,104,0,heuristic,12
100,75,0.9,4,vnd,0,0,0,0,7413,0,0,87,0,heuristic,253
100,75,0.9,5,exact,0,0,0,0,7315,0,96,96,0,Optimal,47
100,75,0.9,5,faolp,0,0,0,10,142,0,0,96,0,heuristic,12
100,75,0.9,5,faosp,0,0,0,12,101,0,0,113,0,heuristic,14
100,75,0.9,5,vnd,0,0,0,0,7315,0,0,96,0,heuristic,289
200,100,0.3,1,exact,0,0,0,0,39601,0,175,175,0,Optimal,1860
200,100,0.3,1,faolp,0,0,0,547,293,0,0,175,0,heuristic,576
200,100,0.3,1,faosp,0,0,0,133,210,0,0,271,0,heuristic,158
200,100,0.3,1,vnd,0,0,0,0,39601,0,0,288,0,heuristic,2089
200,100,0.3,2,exact,0,0,0,0,39601,0,165,165,0,Optimal,2914
200,100,0.3,2,faolp,0,0,0,775,314,0,0,165,0,heuristic,889
200,100,0.3,2,faosp,0,0,0,129,204,0,0,217,0,heuristic,220
200,100,0.3,2,vnd,0,0,0,0,39601,0,0,196,0,heuristic,2096
200,100,0.3,3,exact,0,0,0,0,39601,0,128,128,0,Optimal,1717
200,100,0.3,3,faolp,0,0,0,379,308,0,0,128,0,heuristic,597
200,100,0.3,3,faosp,0,0,0,243,204,0,0,155,0,heuristic,441
200,100,0.3,3,vnd,0,0,0,0,39601,0,0,164,0,heuristic,2115
200,100,0.3,4,exact,0,0,0,0,39601,0,147,147,0,Optimal,3229
200,100,0.3,4,faolp,0,0,0,258,315,0,0,148,0,heuristic,310
200,100,0.3,4,faosp,0,0,0,121,202,0,0,160,0,heuristic,150
200,100,0.3,4,vnd,0,0,0,0,39601,0,0,166,0,heuristic,2090
200,100,0.3,5,exact,0,0,0,0,39601,0,206,206,0,Optimal,3583
200,100,0.3,5,faolp,0,0,0,1265,323,0,0,206,0,heuristic,1296
200,100,0.3,5,faosp,0,0,0,235,203,0,0,244,0,heuristic,311
200,100,0.3,5,vnd,0,0,0,0,39601,0,0,260,0,heuristic,2075
200,100,0.6,1,exact,0,0,0,0,39601,0,161,161,0,Optimal,3394
200,100,0.6,1,faolp,0,0,0,653,308,0,0,161,0,heuristic,828
200,100,0.6,1,faosp,0,0,0,240,200,0,0,198,0,heuristic,422
200,100,0.6,1,vnd,0,0,0,0,39601,0,0,206,0,heuristic,2069
200,100,0.6,2,exact,0,0,0,0,39601,0,170,170,0,Optimal,3011
200,100,0.6,2,faolp,0,0,0,463,315,0,0,170,0,heuristic,489
200,100,0.6,2,faosp,0,0,0,132,208,0,0,225,0,heuristic,224
200,100,0.6,2,vnd,0,0,0,0,39601,0,0,235,0,heuristic,2103
200,100,0.6,3,exact,0,0,0,0,39601,0,156,156,0,Optimal,2434
200,100,0.6,3,faolp,0,0,0,399,318,0,0,156,0,heuristic,475
200,100,0.6,3,faosp,0,0,0,148,199,0,0,177,0,heuristic,217
200,100,0.6,3,vnd,0,0,0,0,39601,0,0,174,0,heuristic,2099
200,100,0.6,4,exact,0,0,0,0,39601,0,159,159,0,Optimal,3180
200,100,0.6,4,faolp,0,0,0,1126,289,0,0,159,0,heuristic,1338
200,100,0.6,4,faosp,0,0,0,204,204,0,0,204,0,heuristic,289
200,100,0.6,4,vnd,0,0,0,0,39601,0,0,201,0,heuristic,2044
200,100,0.6,5,exact,0,0,0,0,39601,0,122,122,0,Optimal,2793
200,100,0.6,5,faolp,0,0,0,382,295,0,0,122,0,heuristic,620
200,100,0.6,5,faosp,0,0,0,119,201,0,0,151,0,heuristic,173
200,100,0.6,5,vnd,0,0,0,0,39601,0,0,164,0,heuristic,2071
200,100,0.9,1,exact,0,0,0,0,39601,0,127,127,0,Optimal,2911
200,100,0.9,1,faolp,0,0,0,483,309,0,0,127,0,heuristic,538
200,100,0.9,1,faosp,0,0,0,122,201,0,0,149,0,heuristic,150
200,100,0.9,1,vnd,0,0,0,0,39601,0,0,157,0,heuristic,2097
200,100,0.9,2,exact,0,0,0,0,39601,0,129,129,0,Optimal,2640
200,100,0.9,2,faolp,0,0,0,531,305,0,0,129,0,heuristic,559
200,100,0.9,2,faosp,0,0,0,121,203,0,0,184,0,heuristic,150
200,100,0.9,2,vnd,0,0,0,0,39601,0,0,179,0,heuristic,2083
200,100,0.9,3,exact,0,0,0,0,39601,0,142,142,0,Optimal,3105
200,100,0.9,3,faolp,0,0,0,697,338,0,0,142,0,heuristic,809
200,100,0.9,3,faosp,0,0,0,127,204,0,0,174,0,heuristic,184
200,100,0.9,3,vnd,0,0,0,0,39601,0,0,165,0,heuristic,2076
200,100,0.9,4,exact,0,0,0,0,39601,0,126,126,0,Optimal,2193
200,100,0.9,4,faolp,0,0,0,568,322,0,0,126,0,heuristic,617
200,100,0.9,4,faosp,0,0,0,115,200,0,0,161,0,heuristic,140
200,100,0.9,4,vnd,0,0,0,0,39601,0,0,166,0,heuristic,2067
200,100,0.9,5,exact,0,0,0,0,39601,0,150,150,0,Optimal,2507
200,100,0.9,5,faolp,0,0,0,358,335,0,0,150,0,heuristic,388
200,100,0.9,5,faosp,0,0,0,119,204,0,0,201,0,heuristic,151
200,100,0.9,5,vnd,0,0,0,0,39601,0,0,174,0,heuristic,2101
200,25,0.3,1,exact,0,0,0,0,9934,0,264,264,0,Optimal,317
200,25,0.3,1,faolp,0,0,0,90,285,0,0,264,0,heuristic,97
200,25,0.3,1,faosp,0,0,0,41,204,0,0,348,0,heuristic,47
200,25,0.3,1,vnd,0,0,0,0,9934,0,0,366,0,heuristic,422
200,25,0.3,2,exact,0,0,0,0,9856,0,259,259,0,Optimal,369
200,25,0.3,2,faolp,0,0,0,83,285,0,0,259,0,heuristic,90
200,25,0.3,2,faosp,0,0,0,36,205,0,0,334,0,heuristic,43
200,25,0.3,2,vnd,0,0,0,0,9856,0,0,382,0,heuristic,437
200,25,0.3,3,exact,0,0,0,0,9836,0,214,214,0,Optimal,346
200,25,0.3,3,faolp,0,0,0,47,259,0,0,215,0,heuristic,55
200,25,0.3,3,faosp,0,0,0,46,205,0,0,313,0,heuristic,52
200,25,0.3,3,vnd,0,0,0,0,9836,0,0,357,0,heuristic,427
200,25,0.3,4,exact,0,0,0,0,9864,0,264,264,0,Optimal,326
200,25,0.3,4,faolp,0,0,0,101,282,0,0,265,0,heuristic,108
200,25,0.3,4,faosp,0,0,0,44,200,0,0,359,0,heuristic,50
200,25,0.3,4,vnd,0,0,0,0,9864,0,0,348,0,heuristic,418
200,25,0.3,5,exact,0,0,0,0,10020,0,280,280,0,Optimal,306
200,25,0.3,5,faolp,0,0,0,43,286,0,0,280,0,heuristic,49
200,25,0.3,5,faosp,0,0,0,42,201,0,0,349,0,heuristic,49
200,25,0.3,5,vnd,0,0,0,0,10020,0,0,368,0,heuristic,415
200,25,0.6,1,exact,0,0,0,0,9805,0,201,201,0,Optimal,332
200,25,0.6,1,faolp,0,0,0,52,273,0,0,202,0,heuristic,58
200,25,0.6,1,faosp,0,0,0,43,206,0,0,227,0,heuristic,50
200,25,0.6,1,vnd,0,0,0,0,9805,0,0,243,0,heuristic,420
200,25,0.6,2,exact,0,0,0,0,9939,0,230,230,0,Optimal,335
200,25,0.6,2,faolp,0,0,0,40,293,0,0,230,0,heuristic,47
200,25,0.6,2,faosp,0,0,0,41,204,0,0,304,0,heuristic,47
200,25,0.6,2,vnd,0,0,0,0,9939,0,0,318,0,heuristic,420
200,25,0.6,3,exact,0,0,0,0,9976,0,216,216,0,Optimal,323
200,25,0.6,3,faolp,0,0,0,84,278,0,0,216,0,heuristic,91
200,25,0.6,3,faosp,0,0,0,44,200,0,0,263,0,heuristic,50
200,25,0.6,3,vnd,0,0,0,0,9976,0,0,274,0,heuristic,424
200,25,0.6,4,exact,0,0,0,0,9864,0,239,239,0,Optimal,360
200,25,0.6,4,faolp,0,0,0,56,279,0,0,239,0,heuristic,63
200,25,0.6,4,faosp,0,0,0,47,202,0,0,305,0,heuristic,54
200,25,0.6,4,vnd,0,0,0,0,9864,0,0,303,0,heuristic,422
200,25,0.6,5,exact,0,0,0,0,9880,0,225,225,0,Optimal,353
200,25,0.6,5,faolp,0,0,0,88,275,0,0,225,0,heuristic,95
200,25,0.6,5,faosp,0,0,0,46,202,0,0,266,0,heuristic,52
200,25,0.6,5,vnd,0,0,0,0,9880,0,0,285,0,heuristic,408
200,25,0.9,1,exact,0,0,0,0,9821,0,188,188,0,Optimal,371
200,25,0.9,1,faolp,0,0,0,50,278,0,0,188,0,heuristic,57
200,25,0.9,1,faosp,0,0,0,46,203,0,0,288,0,heuristic,52
200,25,0.9,1,vnd,0,0,0,0,9821,0,0,288,0,heuristic,421
200,25,0.9,2,exact,0,0,0,0,9941,0,246,246,0,Optimal,428
200,25,0.9,2,faolp,0,0,0,112,285,0,0,247,0,heuristic,118
200,25,0.9,2,faosp,0,0,0,46,201,0,0,276,0,heuristic,52
200,25,0.9,2,vnd,0,0,0,0,9941,0,0,291,0,heuristic,415
200,25,0.9,3,exact,0,0,0,0,9862,0,177,177,0,Optimal,278
200,25,0.9,3,faolp,0,0,0,66,288,0,0,180,0,heuristic,73
200,25,0.9,3,faosp,0,0,0,45,200,0,0,217,0,heuristic,51
200,25,0.9,3,vnd,0,0,0,0,9862,0,0,227,0,heuristic,409
200,25,0.9,4,exact,0,0,0,0,9776,0,215,215,0,Optimal,470
200,25,0.9,4,faolp,0,0,0,148,296,0,0,215,0,heuristic,155
200,25,0.9,4,faosp,0,0,0,44,205,0,0,272,0,heuristic,51
200,25,0.9,4,vnd,0,0,0,0,9776,0,0,288,0,heuristic,412
200,25,0.9,5,exact,0,0,0,0,9925,0,193,193,0,Optimal,490
200,25,0.9,5,faolp,0,0,0,100,294,0,0,193,0,heuristic,107
200,25,0.9,5,faosp,0,0,0,49,204,0,0,261,0,heuristic,56
200,25,0.9,5,vnd,0,0,0,0,9925,0,0,273,0,heuristic,432
200,50,0.3,1,exact,0,0,0,0,19881,0,200,200,0,Optimal,843
200,50,0.3,1,faolp,0,0,0,148,300,0,0,200,0,heuristic,162
200,50,0.3,1,faosp,0,0,0,74,203,0,0,237,0,heuristic,87
200,50,0.3,1,vnd,0,0,0,0,19881,0,0,267,0,heuristic,999
200,50,0.3,2,exact,0,0,0,0,19696,0,198,198,0,Optimal,1013
200,50,0.3,2,faolp,0,0,0,188,315,0,0,198,0,heuristic,213
200,50,0.3,2,faosp,0,0,0,107,207,0,0,253,0,heuristic,174
200,50,0.3,2,vnd,0,0,0,0,19696,0,0,271,0,heuristic,963
200,50,0.3,3,exact,0,0,0,0,19858,0,191,191,0,Optimal,1239
200,50,0.3,3,faolp,0,0,0,126,293,0,0,191,0,heuristic,141
200,50,0.3,3,faosp,0,0,0,67,203,0,0,221,0,heuristic,86
200,50,0.3,3,vnd,0,0,0,0,19858,0,0,246,0,heuristic,1185
200,50,0.3,4,exact,0,0,0,0,19864,0,280,280,0,Optimal,1127
200,50,0.3,4,faolp,0,0,0,288,315,0,0,280,0,heuristic,303
200,50,0.3,4,faosp,0,0,0,78,204,0,0,394,0,heuristic,91
200,50,0.3,4,vnd,0,0,0,0,19864,0,0,382,0,heuristic,1039
200,50,0.3,5,exact,0,0,0,0,19770,0,159,159,0,Optimal,888
200,50,0.3,5,faolp,0,0,0,141,289,0,0,159,0,heuristic,155
200,50,0.3,5,faosp,0,0,0,70,202,0,0,179,0,heuristic,83
200,50,0.3,5,vnd,0,0,0,0,19770,0,0,188,0,heuristic,995
200,50,0.6,1,exact,0,0,0,0,19939,0,139,139,0,Optimal,792
200,50,0.6,1,faolp,0,0,0,187,276,0,0,139,0,heuristic,202
200,50,0.6,1,faosp,0,0,0,73,204,0,0,147,0,heuristic,86
200,50,0.6,1,vnd,0,0,0,0,19939,0,0,187,0,heuristic,998
200,50,0.6,2,exact,0,0,0,0,19835,0,157,157,0,Optimal,646
200,50,0.6,2,faolp,0,0,0,200,278,0,0,159,0,heuristic,215
200,50,0.6,2,faosp,0,0,0,68,209,0,0,188,0,heuristic,82
200,50,0.6,2,vnd,0,0,0,0,19835,0,0,233,0,heuristic,984
200,50,0.6,3,exact,0,0,0,0,19789,0,168,168,0,Optimal,773
200,50,0.6,3,faolp,0,0,0,159,298,0,0,168,0,heuristic,173
200,50,0.6,3,faosp,0,0,0,78,205,0,0,191,0,heuristic,90
200,50,0.6,3,vnd,0,0,0,0,19789,0,0,184,0,heuristic,980
200,50,0.6,4,exact,0,0,0,0,19701,0,166,166,0,Optimal,707
200,50,0.6,4,faolp,0,0,0,78,286,0,0,166,0,heuristic,91
200,50,0.6,4,faosp,0,0,0,68,205,0,0,218,0,heuristic,81
200,50,0.6,4,vnd,0,0,0,0,19701,0,0,222,0,heuristic,1005
200,50,0.6,5,exact,0,0,0,0,19829,0,183,183,0,Optimal,798
200,50,0.6,5,faolp,0,0,0,133,288,0,0,184,0,heuristic,148
200,50,0.6,5,faosp,0,0,0,76,202,0,0,230,0,heuristic,88
200,50,0.6,5,vnd,0,0,0,0,19829,0,0,239,0,heuristic,968
200,50,0.9,1,exact,0,0,0,0,19910,0,138,138,0,Optimal,780
200,50,0.9,1,faolp,0,0,0,166,293,0,0,138,0,heuristic,180
200,50,0.9,1,faosp,0,0,0,72,204,0,0,154,0,heuristic,85
200,50,0.9,1,vnd,0,0,0,0,19910,0,0,262,0,heuristic,1023
200,50,0.9,2,exact,0,0,0,0,19719,0,165,165,0,Optimal,1056
200,50,0.9,2,faolp,0,0,0,260,305,0,0,165,0,heuristic,275
200,50,0.9,2,faosp,0,0,0,70,205,0,0,189,0,heuristic,83
200,50,0.9,2,vnd,0,0,0,0,19719,0,0,204,0,heuristic,1014
200,50,0.9,3,exact,0,0,0,0,19891,0,187,187,0,Optimal,893
200,50,0.9,3,faolp,0,0,0,344,287,0,0,187,0,heuristic,358
200,50,0.9,3,faosp,0,0,0,73,202,0,0,238,0,heuristic,85
200,50,0.9,3,vnd,0,0,0,0,19891,0,0,253,0,heuristic,990
200,50,0.9,4,exact,0,0,0,0,19923,0,112,112,0,Optimal,948
200,50,0.9,4,faolp,0,0,0,106,281,0,0,112,0,heuristic,119
200,50,0.9,4,faosp,0,0,0,70,200,0,0,136,0,heuristic,83
200,50,0.9,4,vnd,0,0,0,0,19923,0,0,147,0,heuristic,1011
200,50,0.9,5,exact,0,0,0,0,19861,0,144,144,0,Optimal,1024
200,50,0.9,5,faolp,0,0,0,244,303,0,0,144,0,heuristic,259
200,50,0.9,5,faosp,0,0,0,72,205,0,0,170,0,heuristic,85
200,50,0.9,5,vnd,0,0,0,0,19861,0,0,170,0,heuristic,1176
200,75,0.3,1,exact,0,0,0,0,29897,0,160,160,0,Optimal,936
200,75,0.3,1,faolp,0,0,0,234,301,0,0,160,0,heuristic,255
200,75,0.3,1,faosp,0,0,0,106,205,0,0,213,0,heuristic,149
200,75,0.3,1,vnd,0,0,0,0,29897,0,0,191,0,heuristic,1790
200,75,0.3,2,exact,0,0,0,0,29722,0,146,146,0,Optimal,627
200,75,0.3,2,faolp,0,0,0,345,300,0,0,146,0,heuristic,369
200,75,0.3,2,faosp,0,0,0,93,204,0,0,179,0,heuristic,113
200,75,0.3,2,vnd,0,0,0,0,29722,0,0,203,0,heuristic,1832
200,75,0.3,3,exact,0,0,0,0,29784,0,176,176,0,Optimal,982
200,75,0.3,3,faolp,0,0,0,264,303,0,0,176,0,heuristic,287
200,75,0.3,3,faosp,0,0,0,92,205,0,0,221,0,heuristic,124
200,75,0.3,3,vnd,0,0,0,0,29784,0,0,223,0,heuristic,1979
200,75,0.3,4,exact,0,0,0,0,29756,0,147,147,0,Optimal,1440
200,75,0.3,4,faolp,0,0,0,170,305,0,0,147,0,heuristic,191
200,75,0.3,4,faosp,0,0,0,92,202,0,0,174,0,heuristic,114
200,75,0.3,4,vnd,0,0,0,0,29756,0,0,181,0,heuristic,1328
200,75,0.3,5,exact,0,0,0,0,29637,0,117,117,0,Optimal,857
200,75,0.3,5,faolp,0,0,0,185,291,0,0,117,0,heuristic,208
200,75,0.3,5,faosp,0,0,0,94,201,0,0,127,0,heuristic,142
200,75,0.3,5,vnd,0,0,0,0,29637,0,0,132,0,heuristic,1647
200,75,0.6,1,exact,0,0,0,0,29650,0,175,175,0,Optimal,1793
200,75,0.6,1,faolp,0,0,0,443,301,0,0,175,0,heuristic,481
200,75,0.6,1,faosp,0,0,0,131,202,0,0,208,0,heuristic,292
200,75,0.6,1,vnd,0,0,0,0,29650,0,0,218,0,heuristic,1360
200,75,0.6,2,exact,0,0,0,0,29827,0,158,158,0,Optimal,1061
200,75,0.6,2,faolp,0,0,0,296,299,0,0,158,0,heuristic,320
200,75,0.6,2,faosp,0,0,0,98,209,0,0,182,0,heuristic,121
200,75,0.6,2,vnd,0,0,0,0,29827,0,0,185,0,heuristic,1634
200,75,0.6,3,exact,0,0,0,0,29755,0,180,180,0,Optimal,1090
200,75,0.6,3,faolp,0,0,0,338,322,0,0,180,0,heuristic,361
200,75,0.6,3,faosp,0,0,0,91,204,0,0,210,0,heuristic,113
200,75,0.6,3,vnd,0,0,0,0,29755,0,0,224,0,heuristic,1942
200,75,0.6,4,exact,0,0,0,0,29730,0,175,175,0,Optimal,1889
200,75,0.6,4,faolp,0,0,0,471,307,0,0,175,0,heuristic,498
200,75,0.6,4,faosp,0,0,0,101,200,0,0,208,0,heuristic,130
200,75,0.6,4,vnd,0,0,0,0,29730,0,0,211,0,heuristic,1315
200,75,0.6,5,exact,0,0,0,0,29625,0,139,139,0,Optimal,1250
200,75,0.6,5,faolp,0,0,0,167,298,0,0,142,0,heuristic,199
200,75,0.6,5,faosp,0,0,0,93,205,0,0,166,0,heuristic,116
200,75,0.6,5,vnd,0,0,0,0,29625,0,0,182,0,heuristic,1361
200,75,0.9,1,exact,0,0,0,0,29705,0,132,132,0,Optimal,1321
200,75,0.9,1,faolp,0,0,0,243,307,0,0,132,0,heuristic,270
200,75,0.9,1,faosp,0,0,0,98,202,0,0,145,0,heuristic,120
200,75,0.9,1,vnd,0,0,0,0,29705,0,0,149,0,heuristic,1338
200,75,0.9,2,exact,0,0,0,0,29806,0,150,150,0,Optimal,1361
200,75,0.9,2,faolp,0,0,0,225,311,0,0,150,0,heuristic,248
200,75,0.9,2,faosp,0,0,0,98,204,0,0,177,0,heuristic,121
200,75,0.9,2,vnd,0,0,0,0,29806,0,0,182,0,heuristic,1736
200,75,0.9,3,exact,0,0,0,0,29746,0,122,122,0,Optimal,1312
200,75,0.9,3,faolp,0,0,0,235,307,0,0,123,0,heuristic,279
200,75,0.9,3,faosp,0,0,0,128,202,0,0,134,0,heuristic,171
200,75,0.9,3,vnd,0,0,0,0,29746,0,0,133,0,heuristic,1341
200,75,0.9,4,exact,0,0,0,0,29806,0,183,183,0,Optimal,2095
200,75,0.9,4,faolp,0,0,0,812,312,0,0,183,0,heuristic,838
200,75,0.9,4,faosp,0,0,0,91,205,0,0,205,0,heuristic,112
200,75,0.9,4,vnd,0,0,0,0,29806,0,0,224,0,heuristic,1358
200,75,0.9,5,exact,0,0,0,0,29649,0,130,130,0,Optimal,1431
200,75,0.9,5,faolp,0,0,0,236,303,0,0,130,0,heuristic,260
200,75,0.9,5,faosp,0,0,0,90,202,0,0,180,0,heuristic,112
200,75,0.9,5,vnd,0,0,0,0,29649,0,0,184,0,heuristic,1372
300,25,0.3,1,exact,0,0,0,0,22433,194,339.443,352,3.56726,Feasible,3600
300,25,0.3,1,faolp,0,0,0,1605,446,0,0,352,0,heuristic,1630
300,25,0.3,1,faosp,0,0,0,153,303,0,0,387,0,heuristic,178
300,25,0.3,1,vnd,0,0,0,0,22433,0,0,418,0,heuristic,2387
300,25,0.3,2,exact,0,0,0,0,22302,0,401,401,0,Optimal,3113
300,25,0.3,2,faolp,0,0,0,2346,449,0,0,401,0,heuristic,2374
300,25,0.3,2,faosp,0,0,0,158,310,0,0,467,0,heuristic,184
300,25,0.3,2,vnd,0,0,0,0,22302,0,0,543,0,heuristic,2314
300,25,0.3,3,exact,0,0,0,0,22347,0,269,269,0,Optimal,2091
300,25,0.3,3,faolp,0,0,0,615,432,0,0,269,0,heuristic,640
300,25,0.3,3,faosp,0,0,0,145,302,0,0,377,0,heuristic,170
300,25,0.3,3,vnd,0,0,0,0,22347,0,0,394,0,heuristic,2494
300,25,0.3,4,exact,0,0,0,0,22105,0,299,299,0,Optimal,2236
300,25,0.3,4,faolp,0,0,0,370,426,0,0,299,0,heuristic,396
300,25,0.3,4,faosp,0,0,0,150,302,0,0,378,0,heuristic,174
300,25,0.3,4,vnd,0,0,0,0,22105,0,0,373,0,heuristic,2405
300,25,0.3,5,exact,0,0,0,0,22396,0,293,293,0,Optimal,2006
300,25,0.3,5,faolp,0,0,0,756,430,0,0,294,0,heuristic,784
300,25,0.3,5,faosp,0,0,0,149,304,0,0,371,0,heuristic,174
300,25,0.3,5,vnd,0,0,0,0,22396,0,0,359,0,heuristic,2332
300,25,0.6,1,exact,0,0,0,0,22433,0,314,314,0,Optimal,2034
300,25,0.6,1,faolp,0,0,0,602,430,0,0,314,0,heuristic,630
300,25,0.6,1,faosp,0,0,0,161,305,0,0,339,0,heuristic,186
300,25,0.6,1,vnd,0,0,0,0,22433,0,0,365,0,heuristic,2298
300,25,0.6,2,exact,0,0,0,0,22325,0,341,341,0,Optimal,1841
300,25,0.6,2,faolp,0,0,0,1358,439,0,0,341,0,heuristic,1385
300,25,0.6,2,faosp,0,0,0,155,306,0,0,437,0,heuristic,180
300,25,0.6,2,vnd,0,0,0,0,22325,0,0,478,0,heuristic,2494
300,25,0.6,3,exact,0,0,0,0,22082,0,289,289,0,Optimal,2034
300,25,0.6,3,faolp,0,0,0,356,422,0,0,289,0,heuristic,384
300,25,0.6,3,faosp,0,0,0,149,306,0,0,372,0,heuristic,174
300,25,0.6,3,vnd,0,0,0,0,22082,0,0,406,0,heuristic,2549
300,25,0.6,4,exact,0,0,0,0,22402,0,330,330,0,Optimal,3074
300,25,0.6,4,faolp,0,0,0,1344,430,0,0,330,0,heuristic,1369
300,25,0.6,4,faosp,0,0,0,160,305,0,0,365,0,heuristic,186
300,25,0.6,4,vnd,0,0,0,0,22402,0,0,402,0,heuristic,2307
300,25,0.6,5,exact,0,0,0,0,22271,0,274,274,0,Optimal,1661
300,25,0.6,5,faolp,0,0,0,461,429,0,0,274,0,heuristic,488
300,25,0.6,5,faosp,0,0,0,154,302,0,0,343,0,heuristic,180
300,25,0.6,5,vnd,0,0,0,0,22271,0,0,364,0,heuristic,2301
300,25,0.9,1,exact,0,0,0,0,22402,0,279,279,0,Optimal,2006
300,25,0.9,1,faolp,0,0,0,807,452,0,0,280,0,heuristic,832
300,25,0.9,1,faosp,0,0,0,152,308,0,0,344,0,heuristic,178
300,25,0.9,1,vnd,0,0,0,0,22402,0,0,335,0,heuristic,2271
300,25,0.9,2,exact,0,0,0,0,22094,0,238,238,0,Optimal,2227
300,25,0.9,2,faolp,0,0,0,671,437,0,0,238,0,heuristic,698
300,25,0.9,2,faosp,0,0,0,160,305,0,0,296,0,heuristic,185
300,25,0.9,2,vnd,0,0,0,0,22094,0,0,316,0,heuristic,2274
300,25,0.9,3,exact,0,0,0,0,22408,998,290,290,0,Optimal,3600
300,25,0.9,3,faolp,0,0,0,2151,453,0,0,290,0,heuristic,2176
300,25,0.9,3,faosp,0,0,0,152,304,0,0,396,0,heuristic,182
300,25,0.9,3,vnd,0,0,0,0,22094,0,0,322,0,heuristic,3600
300,25,0.9,4,exact,0,0,0,0,22411,0,246,246,0,Optimal,2666
300,25,0.9,4,faolp,0,0,0,838,430,0,0,247,0,heuristic,865
300,25,0.9,4,faosp,0,0,0,151,303,0,0,295,0,heuristic,176
300,25,0.9,4,vnd,0,0,0,0,22411,0,0,311,0,heuristic,2417
300,25,0.9,5,exact,0,0,0,0,22271,0,295,295,0,Optimal,2409
300,25,0.9,5,faolp,0,0,0,854,442,0,0,295,0,heuristic,881
300,25,0.9,5,faosp,0,0,0,145,301,0,0,391,0,heuristic,170
300,25,0.9,5,vnd,0,0,0,0,22271,0,0,388,0,heuristic,2328
300,50,0.3,1,faolp,0,0,0,2555,471,0,0,313,0,heuristic,2742
300,50,0.3,1,faosp,0,0,0,392,301,0,0,379,0,heuristic,536
300,50,0.3,2,faolp,0,0,0,1454,447,0,0,261,0,heuristic,1544
300,50,0.3,2,faosp,0,0,0,449,303,0,0,322,0,heuristic,555
300,50,0.3,3,faolp,0,0,0,1850,446,0,0,238,0,heuristic,2119
300,50,0.3,3,faosp,0,0,0,341,306,0,0,292,0,heuristic,513
300,50,0.3,4,faolp,0,0,0,2016,442,0,0,233,0,heuristic,2207
300,50,0.3,4,faosp,0,0,0,424,305,0,0,313,0,heuristic,559
300,50,0.3,5,faolp,0,0,0,1917,472,0,0,269,0,heuristic,2101
300,50,0.3,5,faosp,0,0,0,347,306,0,0,314,0,heuristic,520
300,50,0.6,1,faolp,0,0,0,2177,480,0,0,345,0,heuristic,2449
300,50,0.6,1,faosp,0,0,0,329,306,0,0,463,0,heuristic,482
300,50,0.6,2,faolp,0,0,0,1021,450,0,0,213,0,heuristic,1243
300,50,0.6,2,faosp,0,0,0,333,305,0,0,257,0,heuristic,491
300,50,0.6,3,faolp,0,0,0,1834,450,0,0,272,0,heuristic,2061
300,50,0.6,3,faosp,0,0,0,328,303,0,0,318,0,heuristic,491
300,50,0.6,4,faolp,0,0,0,1583,458,0,0,243,0,heuristic,1879
300,50,0.6,4,faosp,0,0,0,343,302,0,0,282,0,heuristic,500
300,50,0.6,5,faolp,0,0,0,4408,460,0,0,288,0,heuristic,4617
300,50,0.6,5,faosp,0,0,0,345,307,0,0,343,0,heuristic,504
300,50,0.9,1,faolp,0,0,0,1542,462,0,0,196,0,heuristic,1659
300,50,0.9,1,faosp,0,0,0,325,308,0,0,247,0,heuristic,476
300,50,0.9,2,faolp,0,0,0,1021,479,0,0,221,0,heuristic,1158
300,50,0.9,2,faosp,0,0,0,416,304,0,0,270,0,heuristic,626
300,50,0.9,3,faolp,0,0,0,2497,458,0,0,199,0,heuristic,2794
300,50,0.9,3,faosp,0,0,0,329,302,0,0,259,0,heuristic,481
300,50,0.9,4,faolp,0,0,0,753,452,0,0,164,0,heuristic,864
300,50,0.9,4,faosp,0,0,0,330,303,0,0,179,0,heuristic,486
300,50,0.9,5,faolp,0,0,0,2600,472,0,0,209,0,heuristic,2882
300,50,0.9,5,faosp,0,0,0,335,302,0,0,234,0,heuristic,492
300,75,0.3,1,faolp,0,0,0,2359,464,0,0,212,0,heuristic,3043
300,75,0.3,1,faosp,0,0,0,763,309,0,0,254,0,heuristic,1132
300,75,0.3,2,faolp,0,0,0,5851,470,0,0,244,0,heuristic,6278
300,75,0.3,2,faosp,0,0,0,758,310,0,0,293,0,heuristic,1101
300,75,0.3,3,faolp,0,0,0,2358,440,0,0,199,0,heuristic,2784
300,75,0.3,3,faosp,0,0,0,564,302,0,0,252,0,heuristic,1207
300,75,0.3,4,faolp,0,0,0,4587,453,0,0,217,0,heuristic,5174
300,75,0.3,4,faosp,0,0,0,567,303,0,0,303,0,heuristic,1225
300,75,0.3,5,faolp,0,0,0,4066,461,0,0,250,0,heuristic,4731
300,75,0.3,5,faosp,0,0,0,562,303,0,0,307,0,heuristic,1134
300,75,0.6,1,faolp,0,0,0,2027,479,0,0,215,0,heuristic,2605
300,75,0.6,1,faosp,0,0,0,687,301,0,0,250,0,heuristic,1502
300,75,0.6,2,faolp,0,0,0,4491,493,0,0,259,0,heuristic,3600
300,75,0.6,2,faosp,0,0,0,762,303,0,0,294,0,heuristic,1065
300,75,0.6,3,faolp,0,0,0,2885,467,0,0,210,0,heuristic,3878
300,75,0.6,3,faosp,0,0,0,563,301,0,0,239,0,heuristic,1152
300,75,0.6,4,faolp,0,0,0,2535,470,0,0,235,0,heuristic,3049
300,75,0.6,4,faosp,0,0,0,784,303,0,0,326,0,heuristic,1116
300,75,0.6,5,faolp,0,0,0,4229,500,0,0,247,0,heuristic,4754
300,75,0.6,5,faosp,0,0,0,780,307,0,0,294,0,heuristic,1198
300,75,0.9,1,faolp,0,0,0,5855,480,0,0,220,0,heuristic,6763
300,75,0.9,1,faosp,0,0,0,826,302,0,0,266,0,heuristic,1110
300,75,0.9,2,faolp,0,0,0,4707,502,0,0,222,0,heuristic,5123
300,75,0.9,2,faosp,0,0,0,699,310,0,0,294,0,heuristic,1161
300,75,0.9,3,faolp,0,0,0,2433,503,0,0,199,0,heuristic,3059
300,75,0.9,3,faosp,0,0,0,746,305,0,0,247,0,heuristic,1121
300,75,0.9,4,faolp,0,0,0,3896,508,0,0,245,0,heuristic,3600
300,75,0.9,4,faosp,0,0,0,817,306,0,0,318,0,heuristic,1166
300,75,0.9,5,faolp,0,0,0,5873,516,0,0,299,0,heuristic,3600
300,75,0.9,5,faosp,0,0,0,766,306,0,0,361,0,heuristic,1226
100,100,0.3,1,faolr,0,0,0,11,145,0,0,87,0,heuristic,14
100,100,0.3,2,faolr,0,0,0,20,142,0,0,81,0,heuristic,23
100,100,0.3,3,faolr,0,0,0,12,145,0,0,106,0,heuristic,15
100,100,0.3,4,faolr,0,0,0,9,137,0,0,67,0,heuristic,11
100,100,0.3,5,faolr,0,0,0,14,145,0,0,133,0,heuristic,16
100,100,0.6,1,faolr,0,0,0,11,143,0,0,97,0,heuristic,13
100,100,0.6,2,faolr,0,0,0,10,133,0,0,59,0,heuristic,12
100,100,0.6,3,faolr,0,0,0,12,128,0,0,53,0,heuristic,14
100,100,0.6,4,faolr,0,0,0,13,157,0,0,134,0,heuristic,15
100,100,0.6,5,faolr,0,0,0,17,142,0,0,86,0,heuristic,19
100,100,0.9,1,faolr,0,0,0,11,162,0,0,92,0,heuristic,13
100,100,0.9,2,faolr,0,0,0,11,150,0,0,66,0,heuristic,13
100,100,0.9,3,faolr,0,0,0,16,143,0,0,65,0,heuristic,19
100,100,0.9,4,faolr,0,0,0,10,145,0,0,71,0,heuristic,12
100,100,0.9,5,faolr,0,0,0,12,145,0,0,76,0,heuristic,15
100,25,0.3,1,faolr,0,0,0,4,132,0,0,231,0,heuristic,4
100,25,0.3,2,faolr,0,0,0,4,137,0,0,219,0,heuristic,5
100,25,0.3,3,faolr,0,0,0,3,132,0,0,177,0,heuristic,3
100,25,0.3,4,faolr,0,0,0,3,134,0,0,151,0,heuristic,4
100,25,0.3,5,faolr,0,0,0,3,151,0,0,340,0,heuristic,4
100,25,0.6,1,faolr,0,0,0,4,140,0,0,202,0,heuristic,4
100,25,0.6,2,faolr,0,0,0,4,138,0,0,235,0,heuristic,5
100,25,0.6,3,faolr,0,0,0,5,139,0,0,187,0,heuristic,6
100,25,0.6,4,faolr,0,0,0,5,136,0,0,135,0,heuristic,6
100,25,0.6,5,faolr,0,0,0,4,144,0,0,293,0,heuristic,5
100,25,0.9,1,faolr,0,0,0,3,132,0,0,126,0,heuristic,3
100,25,0.9,2,faolr,0,0,0,6,139,0,0,209,0,heuristic,6
100,25,0.9,3,faolr,0,0,0,4,141,0,0,137,0,heuristic,4
100,25,0.9,4,faolr,0,0,0,3,127,0,0,106,0,heuristic,4
100,25,0.9,5,faolr,0,0,0,4,144,0,0,106,0,heuristic,5
100,50,0.3,1,faolr,0,0,0,5,136,0,0,96,0,heuristic,6
100,50,0.3,2,faolr,0,0,0,8,138,0,0,123,0,heuristic,9
100,50,0.3,3,faolr,0,0,0,11,141,0,0,161,0,heuristic,12
100,50,0.3,4,faolr,0,0,0,7,152,0,0,135,0,heuristic,8
100,50,0.3,5,faolr,0,0,0,10,144,0,0,118,0,heuristic,12
100,50,0.6,1,faolr,0,0,0,7,153,0,0,212,0,heuristic,9
100,50,0.6,2,faolr,0,0,0,5,134,0,0,104,0,heuristic,7
100,50,0.6,3,faolr,0,0,0,6,133,0,0,94,0,heuristic,7
100,50,0.6,4,faolr,0,0,0,6,134,0,0,97,0,heuristic,7
100,50,0.6,5,faolr,0,0,0,7,141,0,0,127,0,heuristic,9
100,50,0.9,1,faolr,0,0,0,5,137,0,0,69,0,heuristic,7
100,50,0.9,2,faolr,0,0,0,7,134,0,0,95,0,heuristic,8
100,50,0.9,3,faolr,0,0,0,9,135,0,0,90,0,heuristic,10
100,50,0.9,4,faolr,0,0,0,6,144,0,0,85,0,heuristic,7
100,50,0.9,5,faolr,0,0,0,5,130,0,0,67,0,heuristic,7
100,75,0.3,1,faolr,0,0,0,9,136,0,0,72,0,heuristic,11
100,75,0.3,2,faolr,0,0,0,8,136,0,0,74,0,heuristic,10
100,75,0.3,3,faolr,0,0,0,7,143,0,0,87,0,heuristic,9
100,75,0.3,4,faolr,0,0,0,10,138,0,0,89,0,heuristic,12
100,75,0.3,5,faolr,0,0,0,9,135,0,0,89,0,heuristic,11
100,75,0.6,1,faolr,0,0,0,8,134,0,0,75,0,heuristic,9
100,75,0.6,2,faolr,0,0,0,7,146,0,0,131,0,heuristic,9
100,75,0.6,3,faolr,0,0,0,9,139,0,0,86,0,heuristic,11
100,75,0.6,4,faolr,0,0,0,7,153,0,0,103,0,heuristic,10
100,75,0.6,5,faolr,0,0,0,7,136,0,0,81,0,heuristic,9
100,75,0.9,1,faolr,0,0,0,19,144,0,0,86,0,heuristic,21
100,75,0.9,2,faolr,0,0,0,13,149,0,0,99,0,heuristic,15
100,75,0.9,3,faolr,0,0,0,11,146,0,0,75,0,heuristic,13
100,75,0.9,4,faolr,0,0,0,9,145,0,0,87,0,heuristic,11
100,75,0.9,5,faolr,0,0,0,9,144,0,0,96,0,heuristic,10
200,100,0.3,1,faolr,0,0,0,358,294,0,0,175,0,heuristic,386
200,100,0.3,2,faolr,0,0,0,453,313,0,0,165,0,heuristic,481
200,100,0.3,3,faolr,0,0,0,152,307,0,0,128,0,heuristic,179
200,100,0.3,4,faolr,0,0,0,164,312,0,0,148,0,heuristic,191
200,100,0.3,5,faolr,0,0,0,488,321,0,0,206,0,heuristic,517
200,100,0.6,1,faolr,0,0,0,326,310,0,0,161,0,heuristic,353
200,100,0.6,2,faolr,0,0,0,331,308,0,0,171,0,heuristic,359
200,100,0.6,3,faolr,0,0,0,271,315,0,0,156,0,heuristic,299
200,100,0.6,4,faolr,0,0,0,417,286,0,0,159,0,heuristic,445
200,100,0.6,5,faolr,0,0,0,156,296,0,0,122,0,heuristic,183
200,100,0.9,1,faolr,0,0,0,214,315,0,0,127,0,heuristic,241
200,100,0.9,2,faolr,0,0,0,354,304,0,0,129,0,heuristic,381
200,100,0.9,3,faolr,0,0,0,232,334,0,0,142,0,heuristic,261
200,100,0.9,4,faolr,0,0,0,290,321,0,0,126,0,heuristic,317
200,100,0.9,5,faolr,0,0,0,166,336,0,0,150,0,heuristic,194
200,25,0.3,1,faolr,0,0,0,98,286,0,0,264,0,heuristic,104
200,25,0.3,2,faolr,0,0,0,109,286,0,0,259,0,heuristic,115
200,25,0.3,3,faolr,0,0,0,31,258,0,0,215,0,heuristic,37
200,25,0.3,4,faolr,0,0,0,54,282,0,0,265,0,heuristic,60
200,25,0.3,5,faolr,0,0,0,34,285,0,0,280,0,heuristic,40
200,25,0.6,1,faolr,0,0,0,37,274,0,0,202,0,heuristic,43
200,25,0.6,2,faolr,0,0,0,41,295,0,0,230,0,heuristic,48
200,25,0.6,3,faolr,0,0,0,71,275,0,0,216,0,heuristic,77
200,25,0.6,4,faolr,0,0,0,40,279,0,0,239,0,heuristic,46
200,25,0.6,5,faolr,0,0,0,49,273,0,0,225,0,heuristic,55
200,25,0.9,1,faolr,0,0,0,36,277,0,0,188,0,heuristic,42
200,25,0.9,2,faolr,0,0,0,96,290,0,0,247,0,heuristic,103
200,25,0.9,3,faolr,0,0,0,64,291,0,0,180,0,heuristic,70
200,25,0.9,4,faolr,0,0,0,121,296,0,0,215,0,heuristic,127
200,25,0.9,5,faolr,0,0,0,40,292,0,0,193,0,heuristic,46
200,50,0.3,1,faolr,0,0,0,92,296,0,0,200,0,heuristic,104
200,50,0.3,2,faolr,0,0,0,92,314,0,0,198,0,heuristic,106
200,50,0.3,3,faolr,0,0,0,88,293,0,0,191,0,heuristic,102
200,50,0.3,4,faolr,0,0,0,280,313,0,0,280,0,heuristic,296
200,50,0.3,5,faolr,0,0,0,107,285,0,0,159,0,heuristic,122
200,50,0.6,1,faolr,0,0,0,97,275,0,0,139,0,heuristic,112
200,50,0.6,2,faolr,0,0,0,129,278,0,0,159,0,heuristic,143
200,50,0.6,3,faolr,0,0,0,86,296,0,0,168,0,heuristic,100
200,50,0.6,4,faolr,0,0,0,57,288,0,0,166,0,heuristic,71
200,50,0.6,5,faolr,0,0,0,269,286,0,0,184,0,heuristic,282
200,50,0.9,1,faolr,0,0,0,82,292,0,0,138,0,heuristic,96
200,50,0.9,2,faolr,0,0,0,239,306,0,0,165,0,heuristic,254
200,50,0.9,3,faolr,0,0,0,233,291,0,0,187,0,heuristic,247
200,50,0.9,4,faolr,0,0,0,68,284,0,0,112,0,heuristic,83
200,50,0.9,5,faolr,0,0,0,119,297,0,0,144,0,heuristic,134
200,75,0.3,1,faolr,0,0,0,185,299,0,0,160,0,heuristic,207
200,75,0.3,2,faolr,0,0,0,133,301,0,0,146,0,heuristic,154
200,75,0.3,3,faolr,0,0,0,210,301,0,0,176,0,heuristic,234
200,75,0.3,4,faolr,0,0,0,114,305,0,0,147,0,heuristic,136
200,75,0.3,5,faolr,0,0,0,136,292,0,0,117,0,heuristic,157
200,75,0.6,1,faolr,0,0,0,298,298,0,0,175,0,heuristic,320
200,75,0.6,2,faolr,0,0,0,155,301,0,0,158,0,heuristic,178
200,75,0.6,3,faolr,0,0,0,257,323,0,0,180,0,heuristic,280
200,75,0.6,4,faolr,0,0,0,212,308,0,0,175,0,heuristic,234
200,75,0.6,5,faolr,0,0,0,109,295,0,0,139,0,heuristic,131
200,75,0.9,1,faolr,0,0,0,129,306,0,0,132,0,heuristic,152
200,75,0.9,2,faolr,0,0,0,135,315,0,0,150,0,heuristic,158
200,75,0.9,3,faolr,0,0,0,139,304,0,0,123,0,heuristic,162
200,75,0.9,4,faolr,0,0,0,486,313,0,0,183,0,heuristic,509
200,75,0.9,5,faolr,0,0,0,178,307,0,0,130,0,heuristic,202
300,25,0.3,1,faolr,0,0,0,888,451,0,0,352,0,heuristic,912
300,25,0.3,2,faolr,0,0,0,1501,451,0,0,401,0,heuristic,1524
300,25,0.3,3,faolr,0,0,0,341,433,0,0,269,0,heuristic,364
300,25,0.3,4,faolr,0,0,0,289,425,0,0,299,0,heuristic,312
300,25,0.3,5,faolr,0,0,0,683,431,0,0,294,0,heuristic,706
300,25,0.6,1,faolr,0,0,0,536,431,0,0,314,0,heuristic,560
300,25,0.6,2,faolr,0,0,0,727,438,0,0,341,0,heuristic,750
300,25,0.6,3,faolr,0,0,0,270,424,0,0,289,0,heuristic,293
300,25,0.6,4,faolr,0,0,0,1776,431,0,0,330,0,heuristic,1799
300,25,0.6,5,faolr,0,0,0,254,433,0,0,274,0,heuristic,277
300,25,0.9,1,faolr,0,0,0,857,457,0,0,280,0,heuristic,880
300,25,0.9,2,faolr,0,0,0,297,436,0,0,238,0,heuristic,319
300,25,0.9,3,faolr,0,0,0,1359,462,0,0,290,0,heuristic,1383
300,25,0.9,4,faolr,0,0,0,1057,431,0,0,247,0,heuristic,1080
300,25,0.9,5,faolr,0,0,0,1251,449,0,0,295,0,heuristic,1275
300,50,0.3,1,faolr,0,0,0,983,477,0,0,313,0,heuristic,1230
300,50,0.3,2,faolr,0,0,0,768,453,0,0,261,0,heuristic,1013
300,50,0.3,3,faolr,0,0,0,1434,453,0,0,238,0,heuristic,1678
300,50,0.3,4,faolr,0,0,0,1199,443,0,0,233,0,heuristic,1467
300,50,0.3,5,faolr,0,0,0,897,470,0,0,269,0,heuristic,1143
300,50,0.6,1,faolr,0,0,0,2296,471,0,0,345,0,heuristic,2547
300,50,0.6,2,faolr,0,0,0,762,449,0,0,213,0,heuristic,1011
300,50,0.6,3,faolr,0,0,0,965,451,0,0,272,0,heuristic,1204
300,50,0.6,4,faolr,0,0,0,1225,461,0,0,243,0,heuristic,1475
300,50,0.6,5,faolr,0,0,0,2734,459,0,0,288,0,heuristic,3038
300,50,0.9,1,faolr,0,0,0,1225,466,0,0,196,0,heuristic,1491
300,50,0.9,2,faolr,0,0,0,677,478,0,0,221,0,heuristic,923
300,50,0.9,3,faolr,0,0,0,1934,459,0,0,198,0,heuristic,2194
300,50,0.9,4,faolr,0,0,0,817,453,0,0,164,0,heuristic,1061
300,50,0.9,5,faolr,0,0,0,1518,466,0,0,209,0,heuristic,1749
300,75,0.3,1,faolr,0,0,0,1022,470,0,0,212,0,heuristic,1656
300,75,0.3,2,faolr,0,0,0,4562,473,0,0,244,0,heuristic,3600
300,75,0.3,3,faolr,0,0,0,1024,439,0,0,199,0,heuristic,1652
300,75,0.3,4,faolr,0,0,0,1889,469,0,0,217,0,heuristic,2396
300,75,0.3,5,faolr,0,0,0,1771,462,0,0,250,0,heuristic,2279
300,75,0.6,1,faolr,0,0,0,932,481,0,0,215,0,heuristic,1541
300,75,0.6,2,faolr,0,0,0,2037,496,0,0,259,0,heuristic,2574
300,75,0.6,3,faolr,0,0,0,1609,474,0,0,211,0,heuristic,2363
300,75,0.6,4,faolr,0,0,0,1084,467,0,0,235,0,heuristic,1713
300,75,0.6,5,faolr,0,0,0,1705,497,0,0,247,0,heuristic,2294
300,75,0.9,1,faolr,0,0,0,2143,484,0,0,220,0,heuristic,2655
300,75,0.9,2,faolr,0,0,0,2127,503,0,0,222,0,heuristic,2776
300,75,0.9,3,faolr,0,0,0,923,503,0,0,199,0,heuristic,1613
300,75,0.9,4,faolr,0,0,0,1792,513,0,0,245,0,heuristic,2321
300,75,0.9,5,faolr,0,0,0,3583,520,0,0,299,0,heuristic,3600
