# eixo X -- número de threads
# eixo Y -- running time (s)
1 2 4
2.536495656 2.061684222 1.972766066
3.725571114 2.976276776 2.775454690
8.576106034 6.999163353 6.484686629
7.832790028 6.328668023 5.857200388
7.625818655 6.139519447 5.696990512
5.556860438 4.417685381 4.072910182
2.579854045 1.583881924 1.261304284
0.007180220 0.006005157 0.004770020
12.270365534 7.581075781 6.143858452
0.007068479 0.004755334 0.004552277
0.036435700 0.024514374 0.019191646
1.026290429 0.802211795 0.729769906
0.099813283 0.077418034 0.062492134
2.005102589 1.227899561 1.004910095
0.084877755 0.055854414 0.046233508
0.279705141 0.218054899 0.187598984
0.504249374 0.372666695 0.322888564
0.365743232 0.256030502 0.225427836
0.015558534 0.011595325 0.008966804
0.187006545 0.135160001 0.114865965
0.010114287 0.006113613 0.004942550
0.532301474 0.375892804 0.320952967
0.026764500 0.021242836 0.016673389
0.034682894 0.025208299 0.020522008
0.149262199 0.108237881 0.092905048
0.241323687 0.170710504 0.146958519
0.991955209 0.705264885 0.615218442
0.986846174 0.705844270 0.623688285
0.981900681 0.694381858 0.619836753 
